0.0
0.0
0.0
0.0
0.0
0.0
0.0
0.0
0.0
0.0
0.0
0.0
0.0
0.0
0.0
0.0
0.0
0.0
0.0
0.0
0.0
0.0
0.0
0.0
0.0
0.0
0.0
0.0
0.0
0.0
0.0
0.0
1428.0
1428.0
1452.0
1452.0
1476.0
1476.0
1512.0
1512.0
6389.4
6389.4
6413.4
6413.4
6473.4
6473.4
6533.4
6533.4
8369.4
8369.4
8405.4
8405.4
8477.4
8477.4
8573.4
8573.4
10183.8
10183.8
10231.8
10231.8
10339.8
10339.8
10459.8
10459.8
9072.824156305505
9072.824156305505
11427.077888133821
11427.077888133821
13429.795335554498
13429.795335554498
15861.940298507461
15861.940298507461
9072.824156305505
9072.824156305505
11427.077888133821
11427.077888133821
13429.795335554498
13429.795335554498
15861.940298507461
15861.940298507461
9072.824156305505
9072.824156305505
11427.077888133821
11427.077888133821
13429.795335554498
13429.795335554498
15861.940298507461
15861.940298507461
9072.824156305505
9072.824156305505
11427.077888133821
11427.077888133821
13429.795335554498
13429.795335554498
15861.940298507461
15861.940298507461
9072.824156305505
9072.824156305505
11427.077888133821
11427.077888133821
13429.795335554498
13429.795335554498
15861.940298507461
15861.940298507461
9563.546358792184
15462.224156305505
11427.077888133821
11427.077888133821
13429.795335554498
13429.795335554498
15861.940298507461
15861.940298507461
11065.871829484902
17442.224156305507
12528.779194981704
19832.47788813382
14122.844455021419
21907.195335554497
16067.27462686567
15861.940298507461
12880.271829484902
19256.624156305505
13613.359665446942
21658.87788813382
15178.844455021419
23769.595335554495
17147.27462686567
26321.740298507462
