0.0
0.0
0.0
0.0
0.0
0.0
0.0
0.0
0.0
0.0
0.0
0.0
0.0
0.0
0.0
0.0
0.0
0.0
0.0
0.0
0.0
0.0
0.0
0.0
0.0
0.0
0.0
0.0
0.0
0.0
0.0
0.0
1428.0
1428.0
1452.0
1452.0
1476.0
1476.0
1512.0
1512.0
6831.6
6831.6
6855.6
6855.6
6915.6
6915.6
6975.6
6975.6
8811.6
8811.6
8847.6
8847.6
8919.6
8919.6
9015.6
9015.6
10626.0
10626.0
10674.0
10674.0
10782.0
10782.0
10902.0
10902.0
0.0
0.0
0.0
0.0
0.0
0.0
0.0
0.0
0.0
0.0
0.0
0.0
0.0
0.0
0.0
0.0
0.0
0.0
0.0
0.0
0.0
0.0
0.0
0.0
0.0
0.0
0.0
0.0
0.0
0.0
0.0
0.0
0.0
0.0
0.0
0.0
0.0
0.0
0.0
0.0
1074.3276731793974
6831.6
391.901306847883
0.0
0.0
0.0
0.0
0.0
3054.327673179397
8811.6
1543.901306847883
8847.6
1135.24911946692
8919.6
647.5343283582092
0.0
4868.727673179397
10626.0
3247.561777313121
10674.0
2191.24911946692
10782.0
1727.5343283582092
10902.0
