0.0
0.0
0.0
0.0
0.0
0.0
0.0
0.0
0.0
0.0
0.0
0.0
0.0
0.0
0.0
0.0
0.0
0.0
0.0
0.0
0.0
0.0
0.0
0.0
0.0
0.0
0.0
0.0
0.0
0.0
0.0
0.0
1428.0
2856.0
1452.0
2904.0
1476.0
2952.0
1512.0
3024.0
6389.4
3701.4
6413.4
3749.4
6473.4
3869.4
6533.4
3989.4
8369.4
5621.4
8405.4
5693.4
8477.4
5837.4
8573.4
6029.4
10183.8
7291.8
10231.8
7387.8
10339.8
7603.8
10459.8
7843.8
0.0
0.0
0.0
0.0
0.0
0.0
0.0
0.0
0.0
0.0
0.0
0.0
0.0
0.0
0.0
0.0
0.0
0.0
0.0
0.0
0.0
0.0
0.0
0.0
0.0
0.0
0.0
0.0
0.0
0.0
0.0
0.0
0.0
0.0
0.0
0.0
0.0
0.0
0.0
0.0
490.7222024866787
1564.1222024866788
0.0
0.0
0.0
0.0
0.0
0.0
1993.047673179397
3484.122202486679
1101.7013068478827
2991.101306847883
693.0491194669203
2654.4491194669204
205.3343283582094
205.3343283582094
3807.447673179397
5154.522202486679
2186.2817773131214
4685.501306847883
1749.0491194669203
4420.8491194669205
1285.3343283582094
4077.1343283582096
