0.0
0.0
0.0
0.0
0.0
0.0
0.0
0.0
0.0
0.0
0.0
0.0
0.0
0.0
0.0
0.0
0.0
0.0
0.0
0.0
0.0
0.0
0.0
0.0
0.0
0.0
0.0
0.0
0.0
0.0
0.0
0.0
119.0
238.0
121.0
242.0
123.0
246.0
126.0
252.0
126.3
345.3
128.3
349.3
133.3
359.3
138.3
369.3
191.3
505.3
194.3
511.3
200.3
523.3
208.3
539.3
246.5
644.5
250.5
652.5
259.5
670.5
269.5
690.5
0.0
756.0686796921254
0.0
952.2564906778184
0.0
1119.1496112962081
0.0
1321.828358208955
0.0
756.0686796921254
0.0
952.2564906778184
0.0
1119.1496112962081
0.0
1321.828358208955
0.0
756.0686796921254
0.0
952.2564906778184
0.0
1119.1496112962081
0.0
1321.828358208955
0.0
756.0686796921254
0.0
952.2564906778184
0.0
1119.1496112962081
0.0
1321.828358208955
0.0
756.0686796921254
0.0
952.2564906778184
0.0
1119.1496112962081
0.0
1321.828358208955
72.6933214920071
960.1121965660153
32.658442237323584
984.914932915142
0.0
1119.1496112962081
0.0
1321.828358208955
137.6933214920071
1120.1121965660154
128.65844223732358
1275.214932915142
94.60409328891004
1414.0537045851183
53.96119402985079
1375.7895522388058
192.89332149200712
1259.3121965660152
189.24199686356505
1416.414932915142
182.60409328891004
1561.2537045851182
143.9611940298508
1735.2895522388058
