0.0
0.0
0.0
0.0
0.0
0.0
0.0
0.0
0.0
0.0
0.0
0.0
0.0
0.0
0.0
0.0
0.0
0.0
0.0
0.0
0.0
0.0
0.0
0.0
0.0
0.0
0.0
0.0
0.0
0.0
0.0
0.0
0.0
0.0
0.0
0.0
0.0
0.0
0.0
0.0
1356.0
1356.0
1392.0
1392.0
1428.0
1428.0
1452.0
1452.0
1476.0
1476.0
4560.6
2496.0
4632.6
2568.0
4692.6
2628.0
4716.6
2652.0
4776.6
2712.0
6149.4
3564.0
6257.4
3672.0
6353.4
3768.0
6389.4
3804.0
6461.4
3876.0
7633.8
4536.0
7765.8
4668.0
7873.8
4776.0
7921.8
4824.0
8029.8
4932.0
0.0
0.0
0.0
0.0
0.0
0.0
0.0
0.0
0.0
0.0
0.0
0.0
0.0
0.0
0.0
0.0
0.0
0.0
0.0
0.0
0.0
0.0
0.0
0.0
0.0
0.0
0.0
0.0
0.0
0.0
0.0
0.0
0.0
0.0
0.0
0.0
0.0
0.0
0.0
0.0
0.0
0.0
0.0
0.0
0.0
0.0
0.0
0.0
0.0
0.0
998.2470438652258
998.2470438652258
785.4785176606831
785.4785176606831
597.1585666293392
597.1585666293392
371.69999999999936
371.69999999999936
239.40244150559556
239.40244150559556
2066.247043865226
2066.247043865226
1889.478517660683
1889.478517660683
1737.1585666293392
1737.1585666293392
1523.6999999999994
1523.6999999999994
1403.4024415055956
1403.4024415055956
3146.7106420851887
3038.247043865226
2885.478517660683
2885.478517660683
2745.1585666293395
2745.1585666293395
2543.6999999999994
2543.6999999999994
2459.4024415055956
2459.4024415055956
