0.0
0.0
0.0
0.0
0.0
0.0
0.0
0.0
0.0
0.0
0.0
0.0
0.0
0.0
0.0
0.0
0.0
0.0
0.0
0.0
0.0
0.0
0.0
0.0
0.0
0.0
0.0
0.0
0.0
0.0
0.0
0.0
0.0
0.0
0.0
0.0
0.0
0.0
0.0
0.0
1356.0
1356.0
1392.0
1392.0
1428.0
1428.0
1452.0
1452.0
1476.0
1476.0
1668.6
2496.0
1740.6
2568.0
1800.6
2628.0
1824.6
2652.0
1884.6
2712.0
2513.4
3564.0
2621.4
3672.0
2717.4
3768.0
2753.4
3804.0
2825.4
3876.0
3265.8
4536.0
3397.8
4668.0
3505.8
4776.0
3553.8
4824.0
3661.8
4932.0
0.0
6408.137317228226
0.0
7594.672843080487
0.0
8629.339305711086
0.0
9668.750000000002
0.0
10469.989827060019
0.0
6408.137317228226
0.0
7594.672843080487
0.0
8629.339305711086
0.0
9668.750000000002
0.0
10469.989827060019
0.0
6408.137317228226
0.0
7594.672843080487
0.0
8629.339305711086
0.0
9668.750000000002
0.0
10469.989827060019
0.0
6408.137317228226
0.0
7594.672843080487
0.0
8629.339305711086
0.0
9668.750000000002
0.0
10469.989827060019
0.0
6408.137317228226
0.0
7594.672843080487
0.0
8629.339305711086
0.0
9668.750000000002
0.0
10469.989827060019
998.2470438652258
7406.384361093451
785.4785176606831
8380.15136074117
597.1585666293392
9226.497872340426
371.69999999999936
10040.45
239.40244150559556
10709.392268565614
2066.247043865226
8474.384361093451
1889.478517660683
9484.15136074117
1737.1585666293392
10366.497872340426
1523.6999999999994
11192.45
1403.4024415055956
11873.392268565614
2991.762644628099
9446.384361093451
2885.478517660683
10480.151360741169
2745.1585666293395
11374.497872340426
2543.6999999999994
12212.45
2459.4024415055956
12929.392268565614
