0.0
0.0
0.0
0.0
0.0
0.0
0.0
0.0
0.0
0.0
0.0
0.0
0.0
0.0
0.0
0.0
0.0
0.0
0.0
0.0
0.0
0.0
0.0
0.0
0.0
0.0
0.0
0.0
0.0
0.0
0.0
0.0
0.0
0.0
0.0
0.0
0.0
0.0
0.0
0.0
113.0
113.0
116.0
116.0
119.0
119.0
121.0
121.0
123.0
123.0
416.9
416.9
422.9
422.9
427.9
427.9
429.9
429.9
434.9
434.9
549.3
549.3
558.3
558.3
566.3
566.3
569.3
569.3
575.3
575.3
673.0
673.0
684.0
684.0
693.0
693.0
697.0
697.0
706.0
706.0
0.0
0.0
0.0
0.0
0.0
0.0
0.0
0.0
0.0
0.0
0.0
0.0
0.0
0.0
0.0
0.0
0.0
0.0
0.0
0.0
0.0
0.0
0.0
0.0
0.0
0.0
0.0
0.0
0.0
0.0
0.0
0.0
0.0
0.0
0.0
0.0
0.0
0.0
0.0
0.0
25.037253655435478
25.037253655435478
4.306543138390239
4.306543138390239
0.0
0.0
0.0
0.0
0.0
0.0
120.03725365543548
171.83324856961224
102.30654313839024
119.49525188187603
86.61321388577826
86.61321388577826
67.82499999999996
67.82499999999996
56.800203458799615
56.800203458799615
226.96588684043235
304.2332485696122
194.30654313839023
254.89525188187602
181.61321388577826
212.02415080253826
163.82499999999996
163.91979166666658
153.80020345879961
153.80020345879961
350.6658868404324
427.93324856961226
291.5614128546612
380.59525188187604
265.61321388577824
338.72415080253825
248.82499999999996
291.6197916666666
241.80020345879961
261.22550016954904
