0.0
0.0
0.0
0.0
0.0
0.0
0.0
0.0
0.0
0.0
0.0
0.0
0.0
0.0
0.0
0.0
0.0
0.0
0.0
0.0
0.0
0.0
0.0
0.0
0.0
0.0
0.0
0.0
0.0
0.0
0.0
0.0
0.0
0.0
0.0
0.0
0.0
0.0
0.0
0.0
113.0
113.0
116.0
116.0
119.0
119.0
121.0
121.0
123.0
123.0
416.9
416.9
422.9
422.9
427.9
427.9
429.9
429.9
434.9
434.9
549.3
549.3
558.3
558.3
566.3
566.3
569.3
569.3
575.3
575.3
673.0
673.0
684.0
684.0
693.0
693.0
697.0
697.0
706.0
706.0
534.0114431023521
534.0114431023521
632.8894035900406
632.8894035900406
719.1116088092572
719.1116088092572
805.7291666666669
805.7291666666669
872.4991522550016
872.4991522550016
534.0114431023521
534.0114431023521
632.8894035900406
632.8894035900406
719.1116088092572
719.1116088092572
805.7291666666669
805.7291666666669
872.4991522550016
872.4991522550016
534.0114431023521
534.0114431023521
632.8894035900406
632.8894035900406
719.1116088092572
719.1116088092572
805.7291666666669
805.7291666666669
872.4991522550016
872.4991522550016
534.0114431023521
534.0114431023521
632.8894035900406
632.8894035900406
719.1116088092572
719.1116088092572
805.7291666666669
805.7291666666669
872.4991522550016
872.4991522550016
559.0486967577876
559.0486967577876
637.1959467284308
637.1959467284308
719.1116088092572
719.1116088092572
805.7291666666669
805.7291666666669
872.4991522550016
872.4991522550016
654.0486967577876
705.8446916719644
735.1959467284308
752.3846554719167
805.7248226950354
805.7248226950354
873.5541666666668
873.5541666666668
929.2993557138012
929.2993557138012
760.9773299427845
838.2446916719643
827.1959467284308
887.7846554719167
900.7248226950354
931.1357596117955
969.5541666666668
969.6489583333334
1026.299355713801
1026.299355713801
884.6773299427846
961.9446916719644
924.4508164447018
1013.4846554719168
984.7248226950354
1057.8357596117955
1054.5541666666668
1097.3489583333335
1114.299355713801
1133.7246524245506
