0.0
0.0
0.0
0.0
0.0
0.0
0.0
0.0
0.0
0.0
0.0
0.0
0.0
0.0
0.0
0.0
0.0
0.0
0.0
0.0
0.0
0.0
0.0
0.0
119.0
119.0
121.0
121.0
123.0
123.0
594.5
594.5
580.4
580.4
585.4
585.4
770.0
770.0
752.7
752.7
758.7
758.7
933.1
933.1
913.3
913.3
922.3
922.3
0.0
0.0
0.0
0.0
0.0
0.0
0.0
0.0
0.0
0.0
0.0
0.0
0.0
0.0
0.0
0.0
0.0
0.0
0.0
0.0
0.0
0.0
0.0
0.0
0.0
0.0
0.0
0.0
0.0
0.0
162.03623582766443
240.43623582766443
57.95977653631286
141.97450651769097
40.15833333333333
91.51524305555554
337.5362358276644
435.5362358276644
208.57450651769096
340.874506517691
147.21524305555553
294.21524305555556
500.63623582766445
614.7362358276644
369.17450651769093
524.5745065176909
310.8152430555556
483.71524305555556
