0.0
0.0
0.0
0.0
0.0
0.0
0.0
0.0
0.0
0.0
0.0
0.0
0.0
0.0
0.0
0.0
0.0
0.0
0.0
0.0
0.0
0.0
0.0
0.0
119.0
119.0
121.0
121.0
123.0
123.0
219.0
219.0
221.0
221.0
226.0
226.0
314.0
314.0
317.0
317.0
323.0
323.0
398.0
398.0
402.0
402.0
411.0
411.0
0.0
0.0
0.0
0.0
0.0
0.0
0.0
0.0
0.0
0.0
0.0
0.0
0.0
0.0
0.0
0.0
0.0
0.0
0.0
0.0
0.0
0.0
0.0
0.0
0.0
0.0
0.0
0.0
0.0
0.0
93.7578231292517
93.7578231292517
57.95977653631286
57.95977653631286
40.15833333333333
40.15833333333333
188.7578231292517
188.7578231292517
153.95977653631286
153.95977653631286
137.15833333333333
137.15833333333333
272.75782312925173
272.75782312925173
238.95977653631286
238.95977653631286
225.15833333333333
225.15833333333333
