0.0
0.0
0.0
0.0
0.0
0.0
0.0
0.0
0.0
0.0
0.0
0.0
0.0
0.0
0.0
0.0
0.0
0.0
0.0
0.0
0.0
0.0
0.0
0.0
119.0
119.0
121.0
121.0
123.0
123.0
594.5
594.5
580.4
580.4
585.4
585.4
770.0
770.0
752.7
752.7
758.7
758.7
933.1
933.1
913.3
913.3
922.3
922.3
689.342403628118
689.342403628118
846.8342644320297
846.8342644320297
941.8402777777778
941.8402777777778
689.342403628118
689.342403628118
846.8342644320297
846.8342644320297
941.8402777777778
941.8402777777778
689.342403628118
689.342403628118
846.8342644320297
846.8342644320297
941.8402777777778
941.8402777777778
689.342403628118
689.342403628118
846.8342644320297
846.8342644320297
941.8402777777778
941.8402777777778
689.342403628118
689.342403628118
846.8342644320297
846.8342644320297
941.8402777777778
941.8402777777778
851.3786394557824
929.7786394557824
904.7940409683426
988.8087709497207
981.9986111111111
1033.3555208333335
1026.8786394557824
1124.8786394557824
1055.4087709497207
1187.7087709497207
1089.0555208333333
1236.0555208333335
1189.9786394557823
1304.0786394557822
1216.0087709497207
1371.4087709497207
1252.6555208333334
1425.5555208333335
