0.0
0.0
0.0
0.0
0.0
0.0
0.0
0.0
0.0
0.0
0.0
0.0
0.0
0.0
0.0
0.0
0.0
0.0
0.0
0.0
0.0
0.0
0.0
0.0
119.0
119.0
121.0
121.0
123.0
123.0
219.0
219.0
221.0
221.0
226.0
226.0
314.0
314.0
317.0
317.0
323.0
323.0
398.0
398.0
402.0
402.0
411.0
411.0
689.342403628118
689.342403628118
846.8342644320297
846.8342644320297
941.8402777777778
941.8402777777778
689.342403628118
689.342403628118
846.8342644320297
846.8342644320297
941.8402777777778
941.8402777777778
689.342403628118
689.342403628118
846.8342644320297
846.8342644320297
941.8402777777778
941.8402777777778
689.342403628118
689.342403628118
846.8342644320297
846.8342644320297
941.8402777777778
941.8402777777778
689.342403628118
689.342403628118
846.8342644320297
846.8342644320297
941.8402777777778
941.8402777777778
783.1002267573697
783.1002267573697
904.7940409683426
904.7940409683426
981.9986111111111
981.9986111111111
878.1002267573697
878.1002267573697
1000.7940409683426
1000.7940409683426
1078.9986111111111
1078.9986111111111
962.1002267573697
962.1002267573697
1085.7940409683426
1085.7940409683426
1166.9986111111111
1166.9986111111111
