0.0
1356.0
0.0
1392.0
0.0
1428.0
0.0
1452.0
0.0
6649.2
0.0
6721.2
0.0
6781.2
0.0
6805.2
0.0
8515.2
0.0
8623.2
0.0
8719.2
0.0
8755.2
0.0
10234.8
0.0
10366.8
0.0
10474.8
0.0
10522.8
1356.0
1356.0
1392.0
1392.0
1428.0
1428.0
1452.0
1452.0
6649.2
6649.2
6721.2
6721.2
6781.2
6781.2
6805.2
6805.2
8515.2
8515.2
8623.2
8623.2
8719.2
8719.2
8755.2
8755.2
10234.8
10234.8
10366.8
10366.8
10474.8
10474.8
10522.8
10522.8
0.0
576.1588046958378
0.0
0.0
0.0
0.0
0.0
0.0
0.0
4718.250245464247
0.0
2996.4486455331416
0.0
1586.7401735106996
0.0
565.3451454138703
0.0
6957.450245464248
0.0
5278.848645533142
0.0
3912.340173510701
0.0
2905.3451454138703
0.0
9020.970245464247
0.0
7371.16864553314
0.0
6019.060173510698
0.0
5026.465145413869
576.1588046958378
576.1588046958378
0.0
0.0
0.0
0.0
0.0
0.0
3595.6891355389544
4718.250245464247
1599.923112391932
2996.4486455331416
574.6452284557549
1586.7401735106996
192.11812080536902
565.3451454138703
5461.689135538954
6957.450245464248
3501.9231123919317
5278.848645533142
1903.5177790630428
3912.340173510701
1344.118120805369
2905.3451454138703
7181.289135538955
9020.970245464247
5245.523112391931
7371.16864553314
3659.117779063043
6019.060173510698
2506.168948545862
5026.465145413869
