0.0
0.0
0.0
0.0
0.0
0.0
0.0
0.0
0.0
0.0
0.0
0.0
0.0
0.0
0.0
0.0
0.0
0.0
0.0
0.0
0.0
0.0
0.0
0.0
0.0
0.0
0.0
0.0
0.0
0.0
0.0
0.0
113.0
113.0
116.0
116.0
119.0
119.0
121.0
121.0
208.0
208.0
214.0
214.0
219.0
219.0
221.0
221.0
297.0
297.0
306.0
306.0
314.0
314.0
317.0
317.0
378.0
378.0
389.0
389.0
398.0
398.0
402.0
402.0
673.658096526838
673.658096526838
957.9083697587827
957.9083697587827
1138.062547673532
1138.062547673532
1262.8089210367693
1262.8089210367693
673.658096526838
673.658096526838
957.9083697587827
957.9083697587827
1138.062547673532
1138.062547673532
1262.8089210367693
1262.8089210367693
673.658096526838
673.658096526838
957.9083697587827
957.9083697587827
1138.062547673532
1138.062547673532
1262.8089210367693
1262.8089210367693
673.658096526838
673.658096526838
957.9083697587827
957.9083697587827
1138.062547673532
1138.062547673532
1262.8089210367693
1262.8089210367693
673.658096526838
673.658096526838
957.9083697587827
957.9083697587827
1138.062547673532
1138.062547673532
1262.8089210367693
1262.8089210367693
760.1801533603968
673.658096526838
982.2103610166748
957.9083697587827
1138.062547673532
1138.062547673532
1262.8089210367693
1262.8089210367693
849.1801533603968
673.658096526838
1074.2103610166748
957.9083697587827
1219.1275362318843
1138.062547673532
1316.9347799879447
1262.8089210367693
930.1801533603968
709.5900766801984
1157.2103610166748
957.9083697587827
1303.1275362318843
1138.062547673532
1401.9347799879447
1262.8089210367693
