0.0
0.0
0.0
0.0
0.0
0.0
0.0
0.0
0.0
0.0
0.0
0.0
0.0
0.0
0.0
0.0
0.0
0.0
0.0
0.0
0.0
0.0
0.0
0.0
0.0
0.0
0.0
0.0
0.0
0.0
0.0
0.0
1356.0
1356.0
1392.0
1392.0
1428.0
1428.0
1452.0
1452.0
6207.0
6207.0
6279.0
6279.0
6339.0
6339.0
6363.0
6363.0
8073.0
8073.0
8181.0
8181.0
8277.0
8277.0
8313.0
8313.0
9792.6
9792.6
9924.6
9924.6
10032.6
10032.6
10080.6
10080.6
0.0
0.0
0.0
0.0
0.0
0.0
0.0
0.0
0.0
0.0
0.0
0.0
0.0
0.0
0.0
0.0
0.0
0.0
0.0
0.0
0.0
0.0
0.0
0.0
0.0
0.0
0.0
0.0
0.0
0.0
0.0
0.0
0.0
0.0
0.0
0.0
0.0
0.0
0.0
0.0
596.0646820027066
1280.7837618403255
0.0
0.0
0.0
0.0
0.0
0.0
2397.796914749663
2648.7837618403246
953.4238950947056
533.9617289946564
530.5798627002282
0.0
207.3103074141045
0.0
4117.396914749663
4410.941380243572
1949.4238950947056
1815.5617289946567
1538.5798627002282
475.2146453089226
1227.3103074141045
0.0
