0.0
0.0
0.0
0.0
0.0
0.0
0.0
0.0
0.0
0.0
0.0
0.0
0.0
0.0
0.0
0.0
0.0
0.0
0.0
0.0
0.0
0.0
0.0
0.0
0.0
0.0
0.0
0.0
0.0
0.0
0.0
0.0
1356.0
1356.0
1392.0
1392.0
1428.0
1428.0
1452.0
1452.0
6207.0
7740.0
6279.0
7812.0
6339.0
7872.0
6363.0
7896.0
8073.0
9948.0
8181.0
10056.0
8277.0
10152.0
8313.0
10188.0
9792.6
11988.0
9924.6
12120.0
10032.6
12228.0
10080.6
12276.0
5259.338313767343
5259.338313767343
8175.79250720461
8175.79250720461
10565.644881434355
10565.644881434355
12259.507829977629
12259.507829977629
5259.338313767343
5259.338313767343
8175.79250720461
8175.79250720461
10565.644881434355
10565.644881434355
12259.507829977629
12259.507829977629
5259.338313767343
5259.338313767343
8175.79250720461
8175.79250720461
10565.644881434355
10565.644881434355
12259.507829977629
12259.507829977629
5259.338313767343
5259.338313767343
8175.79250720461
8175.79250720461
10565.644881434355
10565.644881434355
12259.507829977629
12259.507829977629
5393.297118463181
5259.338313767343
8175.79250720461
8175.79250720461
10565.644881434355
10565.644881434355
12259.507829977629
12259.507829977629
7793.747449306297
9820.099124866596
8821.802305475503
10174.812910662826
10698.09010989011
10565.644881434355
12259.507829977629
12259.507829977629
9659.747449306298
12469.699124866596
10616.435619596541
12867.612910662825
11838.09010989011
13202.679329091961
13161.425950782997
13401.71472035794
11379.347449306297
14917.699124866596
12360.035619596543
15344.412910662824
13163.482660497399
15693.879329091962
14181.425950782997
15907.314720357941
