0.0
0.0
0.0
0.0
0.0
0.0
0.0
0.0
0.0
0.0
0.0
0.0
0.0
0.0
0.0
0.0
0.0
0.0
0.0
0.0
0.0
0.0
0.0
0.0
0.0
0.0
0.0
0.0
0.0
0.0
0.0
0.0
113.0
113.0
116.0
116.0
119.0
119.0
121.0
121.0
208.0
208.0
214.0
214.0
219.0
219.0
221.0
221.0
297.0
297.0
306.0
306.0
314.0
314.0
317.0
317.0
378.0
378.0
389.0
389.0
398.0
398.0
402.0
402.0
438.2781928139452
438.2781928139452
681.3160422670509
681.3160422670509
880.4704067861962
880.4704067861962
1021.6256524981358
1021.6256524981358
438.2781928139452
438.2781928139452
681.3160422670509
681.3160422670509
880.4704067861962
880.4704067861962
1021.6256524981358
1021.6256524981358
438.2781928139452
438.2781928139452
681.3160422670509
681.3160422670509
880.4704067861962
880.4704067861962
1021.6256524981358
1021.6256524981358
438.2781928139452
438.2781928139452
681.3160422670509
681.3160422670509
880.4704067861962
880.4704067861962
1021.6256524981358
1021.6256524981358
486.2914265385984
486.2914265385984
681.3160422670509
681.3160422670509
880.4704067861962
880.4704067861962
1021.6256524981358
1021.6256524981358
581.2914265385984
438.2781928139452
772.0001921229587
681.3160422670509
928.3575091575092
880.4704067861962
1037.6354958985833
1021.6256524981358
670.2914265385984
522.9457132692992
864.0001921229587
681.3160422670509
1023.3575091575092
880.4704067861962
1133.6354958985833
1021.6256524981358
751.2914265385984
620.1457132692992
947.0001921229587
725.7000960614794
1107.3575091575092
880.4704067861962
1218.6354958985833
1021.6256524981358
