0.0
0.0
0.0
0.0
0.0
0.0
0.0
0.0
0.0
0.0
0.0
0.0
0.0
0.0
0.0
0.0
0.0
0.0
0.0
0.0
0.0
0.0
0.0
0.0
0.0
0.0
0.0
0.0
0.0
0.0
0.0
0.0
1356.0
1356.0
1392.0
1392.0
1428.0
1428.0
1452.0
1452.0
6207.0
6207.0
6279.0
6279.0
6339.0
6339.0
6363.0
6363.0
8073.0
8073.0
8181.0
8181.0
8277.0
8277.0
8313.0
8313.0
9792.6
9792.6
9924.6
9924.6
10032.6
10032.6
10080.6
10080.6
8083.8971583220555
8083.8971583220555
11494.900437105392
11494.900437105392
13656.750572082383
13656.750572082383
15153.707052441232
15153.707052441232
8083.8971583220555
8083.8971583220555
11494.900437105392
11494.900437105392
13656.750572082383
13656.750572082383
15153.707052441232
15153.707052441232
8083.8971583220555
8083.8971583220555
11494.900437105392
11494.900437105392
13656.750572082383
13656.750572082383
15153.707052441232
15153.707052441232
8083.8971583220555
8083.8971583220555
11494.900437105392
11494.900437105392
13656.750572082383
13656.750572082383
15153.707052441232
15153.707052441232
8083.8971583220555
8083.8971583220555
11494.900437105392
11494.900437105392
13656.750572082383
13656.750572082383
15153.707052441232
15153.707052441232
8679.961840324762
9364.68092016238
11494.900437105392
11494.900437105392
13656.750572082383
13656.750572082383
15153.707052441232
15153.707052441232
10481.694073071718
10732.68092016238
12448.324332200098
12028.862166100049
14187.33043478261
13656.750572082383
15361.017359855337
15153.707052441232
12201.294073071718
12494.838538565627
13444.324332200098
13310.46216610005
15195.33043478261
14131.965217391305
16381.017359855337
15153.707052441232
