0.0
113.0
0.0
116.0
0.0
119.0
0.0
121.0
0.0
208.0
0.0
214.0
0.0
219.0
0.0
221.0
0.0
297.0
0.0
306.0
0.0
314.0
0.0
317.0
0.0
378.0
0.0
389.0
0.0
398.0
0.0
402.0
113.0
113.0
116.0
116.0
119.0
119.0
121.0
121.0
208.0
208.0
214.0
214.0
219.0
219.0
221.0
221.0
297.0
297.0
306.0
306.0
314.0
314.0
317.0
317.0
378.0
378.0
389.0
389.0
398.0
398.0
402.0
402.0
0.0
48.01323372465315
0.0
0.0
0.0
0.0
0.0
0.0
0.0
0.0
0.0
0.0
0.0
0.0
0.0
0.0
0.0
84.66752045535395
0.0
0.0
0.0
0.0
0.0
0.0
0.0
181.86752045535394
0.0
44.38405379442844
0.0
0.0
0.0
0.0
48.01323372465315
48.01323372465315
0.0
0.0
0.0
0.0
0.0
0.0
143.01323372465316
0.0
90.68414985590778
0.0
47.88710237131292
0.0
16.00984340044741
0.0
232.01323372465316
84.66752045535395
182.68414985590778
0.0
142.88710237131292
0.0
112.00984340044741
0.0
313.01323372465316
181.86752045535394
265.6841498559078
44.38405379442844
226.88710237131292
0.0
197.0098434004474
0.0
