0.0
113.0
0.0
116.0
0.0
119.0
0.0
121.0
0.0
208.0
0.0
214.0
0.0
219.0
0.0
221.0
0.0
297.0
0.0
306.0
0.0
314.0
0.0
317.0
0.0
378.0
0.0
389.0
0.0
398.0
0.0
402.0
113.0
113.0
116.0
116.0
119.0
119.0
121.0
121.0
208.0
208.0
214.0
214.0
219.0
219.0
221.0
221.0
297.0
297.0
306.0
306.0
314.0
314.0
317.0
317.0
378.0
378.0
389.0
389.0
398.0
398.0
402.0
402.0
0.0
0.0
0.0
0.0
0.0
0.0
0.0
0.0
0.0
0.0
0.0
0.0
0.0
0.0
0.0
0.0
0.0
0.0
0.0
0.0
0.0
0.0
0.0
0.0
0.0
35.93198015336043
0.0
0.0
0.0
0.0
0.0
0.0
0.0
0.0
0.0
0.0
0.0
0.0
0.0
0.0
86.52205683355886
0.0
24.301991257892126
0.0
0.0
0.0
0.0
0.0
175.52205683355885
0.0
116.30199125789213
0.0
81.0649885583523
0.0
54.12585895117536
0.0
256.52205683355885
35.93198015336043
199.30199125789213
0.0
165.0649885583523
0.0
139.12585895117536
0.0
