0.0
0.0
0.0
0.0
0.0
0.0
0.0
0.0
0.0
0.0
0.0
0.0
0.0
0.0
0.0
0.0
0.0
0.0
0.0
0.0
107.0
111.0
111.0
113.0
116.0
196.0
203.0
204.0
208.0
214.0
281.0
292.0
293.0
297.0
306.0
357.0
370.0
371.0
378.0
389.0
277.09514807813486
395.2145214521452
539.8717948717948
652.3809523809524
735.9589041095891
277.09514807813486
395.2145214521452
539.8717948717948
652.3809523809524
735.9589041095891
277.09514807813486
395.2145214521452
539.8717948717948
652.3809523809524
735.9589041095891
277.09514807813486
395.2145214521452
539.8717948717948
652.3809523809524
735.9589041095891
357.79231253938246
451.5630363036304
561.5025641025641
652.3809523809524
735.9589041095891
446.79231253938246
543.5630363036304
654.5025641025641
744.0095238095239
813.5287671232877
531.7923125393825
632.5630363036304
743.5025641025641
833.0095238095239
905.5287671232877
607.7923125393825
710.5630363036304
821.5025641025641
914.0095238095239
988.5287671232877
