0.0
0.0
0.0
0.0
0.0
0.0
0.0
0.0
0.0
0.0
0.0
0.0
0.0
0.0
0.0
0.0
0.0
0.0
0.0
0.0
1284.0
1332.0
1332.0
1356.0
1392.0
6138.6
5592.6
5604.6
5652.6
5724.6
8040.6
7399.8
7411.8
7459.8
7567.8
10002.6
9209.4
9221.4
9305.4
9437.4
0.0
0.0
0.0
0.0
0.0
0.0
0.0
0.0
0.0
0.0
0.0
0.0
0.0
0.0
0.0
0.0
0.0
0.0
0.0
0.0
526.1659735349716
233.98217821782168
0.0
0.0
0.0
3837.354480151229
2286.394851485148
1067.6507692307698
657.3428571428569
488.63835616438337
5739.354480151229
4093.5948514851484
2874.85076923077
1965.622857142857
1592.6383561643834
7701.354480151229
5903.194851485148
4684.45076923077
3811.222857142857
3232.1416438356164
