0.0
0.0
0.0
0.0
0.0
0.0
0.0
0.0
0.0
0.0
0.0
0.0
0.0
0.0
0.0
0.0
0.0
0.0
0.0
0.0
1284.0
1332.0
1332.0
1356.0
1392.0
6580.8
6034.8
6046.8
6094.8
6166.8
8482.8
7842.0
7854.0
7902.0
8010.0
10444.8
9651.6
9663.6
9747.6
9879.6
3325.141776937618
4742.574257425743
6478.461538461538
7828.571428571429
8831.506849315068
3325.141776937618
4742.574257425743
6478.461538461538
7828.571428571429
8831.506849315068
3325.141776937618
4742.574257425743
6478.461538461538
7828.571428571429
8831.506849315068
3325.141776937618
4742.574257425743
6478.461538461538
7828.571428571429
8831.506849315068
4293.50775047259
5418.756435643565
6738.030769230769
7828.571428571429
8831.506849315068
8223.776257088846
8090.249108910892
8607.39230769231
9048.274285714286
9762.345205479452
10125.776257088846
9897.449108910892
10414.592307692308
10855.474285714285
11255.328493150686
12087.776257088848
11707.049108910891
12224.192307692309
12701.074285714287
13124.928493150685
