0.0
0.0
0.0
0.0
0.0
0.0
0.0
0.0
0.0
0.0
0.0
0.0
0.0
0.0
0.0
0.0
0.0
0.0
0.0
0.0
107.0
111.0
111.0
113.0
116.0
628.2
640.1
647.4
656.3
665.8
807.0
824.3
833.7
843.3
857.2
974.0
994.0
1004.8
1018.8
1035.4
0.0
0.0
0.0
0.0
0.0
0.0
0.0
0.0
0.0
0.0
0.0
0.0
0.0
0.0
0.0
0.0
0.0
0.0
0.0
0.0
45.08856304985338
17.03783783783784
2.607035175879375
0.0
0.0
382.8257966764419
300.04261261261263
264.7116164154104
211.42924423229914
170.41426966292133
561.6257966764418
484.2426126126127
451.0116164154104
398.42924423229914
361.81426966292133
728.6257966764418
653.9426126126126
622.1116164154105
573.9292442322992
540.0142696629214
