0.0
0.0
0.0
0.0
0.0
0.0
0.0
0.0
0.0
0.0
0.0
0.0
0.0
0.0
0.0
0.0
0.0
0.0
0.0
0.0
107.0
111.0
111.0
113.0
116.0
628.2
600.9
587.2
591.2
597.2
807.0
775.3
758.1
762.1
771.1
974.0
937.3
917.3
924.3
935.3
425.4643206256109
559.009009009009
619.1373534338359
706.8416865552904
778.0898876404494
425.4643206256109
559.009009009009
619.1373534338359
706.8416865552904
778.0898876404494
425.4643206256109
559.009009009009
619.1373534338359
706.8416865552904
778.0898876404494
425.4643206256109
559.009009009009
619.1373534338359
706.8416865552904
778.0898876404494
470.5528836754643
576.0468468468468
621.7443886097152
706.8416865552904
778.0898876404494
808.2901173020527
819.8516216216217
823.6489698492462
853.1709307875896
879.9041573033708
987.0901173020527
994.2516216216217
994.5489698492463
1024.0709307875895
1053.8041573033706
1154.0901173020527
1156.2516216216218
1153.7489698492464
1186.2709307875896
1218.004157303371
