0.0
0.0
0.0
0.0
0.0
0.0
0.0
0.0
0.0
0.0
0.0
0.0
0.0
0.0
0.0
0.0
0.0
0.0
0.0
0.0
107.0
111.0
111.0
113.0
116.0
196.0
203.0
204.0
208.0
214.0
281.0
292.0
293.0
297.0
306.0
357.0
370.0
371.0
378.0
389.0
425.4643206256109
559.009009009009
619.1373534338359
706.8416865552904
778.0898876404494
425.4643206256109
559.009009009009
619.1373534338359
706.8416865552904
778.0898876404494
425.4643206256109
559.009009009009
619.1373534338359
706.8416865552904
778.0898876404494
425.4643206256109
559.009009009009
619.1373534338359
706.8416865552904
778.0898876404494
470.5528836754643
576.0468468468468
621.7443886097152
706.8416865552904
778.0898876404494
559.5528836754643
668.0468468468468
714.7443886097152
785.3996817820207
845.5483146067415
644.5528836754643
757.0468468468468
803.7443886097153
874.3996817820207
937.5483146067415
720.5528836754643
835.0468468468468
881.7443886097153
955.3996817820207
1020.5483146067415
