0.0
0.0
0.0
0.0
0.0
0.0
0.0
0.0
0.0
0.0
0.0
0.0
0.0
0.0
0.0
0.0
0.0
0.0
0.0
0.0
107.0
111.0
111.0
113.0
116.0
196.0
203.0
204.0
208.0
214.0
281.0
292.0
293.0
297.0
306.0
357.0
370.0
371.0
378.0
389.0
309.1216216216216
431.3922356091031
510.3203943314849
606.1253561253562
738.8888888888888
309.1216216216216
431.3922356091031
510.3203943314849
606.1253561253562
738.8888888888888
309.1216216216216
431.3922356091031
510.3203943314849
606.1253561253562
738.8888888888888
309.1216216216216
431.3922356091031
510.3203943314849
606.1253561253562
738.8888888888888
382.13243243243244
479.05809906291836
539.0434996919286
613.8552706552707
738.8888888888888
471.13243243243244
571.0580990629184
632.0434996919286
708.8552706552707
815.7555555555555
556.1324324324324
660.0580990629184
721.0434996919286
797.8552706552707
907.7555555555555
632.1324324324324
738.0580990629184
799.0434996919284
878.8552706552707
990.7555555555555
