0.0
0.0
0.0
0.0
0.0
0.0
0.0
0.0
0.0
0.0
0.0
0.0
0.0
0.0
0.0
0.0
0.0
0.0
0.0
0.0
107.0
111.0
111.0
113.0
116.0
485.4
492.4
493.4
497.4
503.4
618.0
629.0
630.0
634.0
643.0
747.2
760.2
761.2
768.2
779.2
309.1216216216216
431.3922356091031
510.3203943314849
606.1253561253562
738.8888888888888
309.1216216216216
431.3922356091031
510.3203943314849
606.1253561253562
738.8888888888888
309.1216216216216
431.3922356091031
510.3203943314849
606.1253561253562
738.8888888888888
309.1216216216216
431.3922356091031
510.3203943314849
606.1253561253562
738.8888888888888
382.13243243243244
479.05809906291836
539.0434996919286
613.8552706552707
738.8888888888888
631.6343918918919
674.215140562249
698.1832347504621
730.0624786324787
815.7555555555555
764.2343918918918
810.8151405622491
834.783234750462
866.6624786324787
914.2966666666666
893.4343918918919
942.0151405622489
965.9832347504621
1000.8624786324787
1050.4966666666667
