0.0
0.0
0.0
0.0
0.0
0.0
0.0
0.0
0.0
0.0
0.0
0.0
0.0
0.0
0.0
0.0
0.0
0.0
0.0
0.0
107.0
111.0
111.0
113.0
116.0
196.0
203.0
204.0
208.0
214.0
281.0
292.0
293.0
297.0
306.0
357.0
370.0
371.0
378.0
389.0
0.0
0.0
0.0
0.0
0.0
0.0
0.0
0.0
0.0
0.0
0.0
0.0
0.0
0.0
0.0
0.0
0.0
0.0
0.0
0.0
80.69716446124764
56.34851485148514
21.630769230769246
0.0
0.0
169.69716446124764
148.34851485148513
114.63076923076925
91.62857142857143
77.56986301369861
254.69716446124764
237.34851485148513
203.63076923076926
180.62857142857143
169.5698630136986
330.6971644612476
315.34851485148516
281.63076923076926
261.62857142857143
252.5698630136986
