0.0
0.0
0.0
0.0
0.0
0.0
0.0
0.0
0.0
0.0
0.0
0.0
0.0
0.0
0.0
0.0
0.0
0.0
0.0
0.0
1284.0
1332.0
1332.0
1356.0
1392.0
5382.6
5466.6
5478.6
5526.6
5598.6
6973.8
7105.8
7117.8
7165.8
7273.8
8524.2
8680.2
8692.2
8776.2
8908.2
0.0
0.0
0.0
0.0
0.0
0.0
0.0
0.0
0.0
0.0
0.0
0.0
0.0
0.0
0.0
0.0
0.0
0.0
0.0
0.0
433.9297297297296
129.790361445783
0.0
0.0
0.0
2808.8732432432435
1852.5948594377512
1193.074085027727
790.5589743589742
480.2000000000003
4400.073243243243
3491.7948594377513
2832.274085027727
2065.1654700854697
1584.2000000000003
5950.473243243243
5066.194859437751
4406.674085027727
3675.5654700854698
2678.0133333333342
