0.0
0.0
0.0
0.0
0.0
0.0
0.0
0.0
0.0
0.0
0.0
0.0
0.0
0.0
0.0
0.0
0.0
0.0
0.0
0.0
107.0
111.0
111.0
113.0
116.0
196.0
203.0
204.0
208.0
214.0
281.0
292.0
293.0
297.0
306.0
357.0
370.0
371.0
378.0
389.0
0.0
0.0
0.0
0.0
0.0
0.0
0.0
0.0
0.0
0.0
0.0
0.0
0.0
0.0
0.0
0.0
0.0
0.0
0.0
0.0
45.08856304985338
17.03783783783784
2.607035175879375
0.0
0.0
134.08856304985338
109.03783783783784
95.60703517587937
78.55799522673033
67.45842696629211
219.08856304985338
198.03783783783786
184.6070351758794
167.55799522673033
159.4584269662921
295.0885630498534
276.03783783783786
262.6070351758794
248.55799522673033
242.4584269662921
