0.0
0.0
0.0
0.0
0.0
0.0
0.0
0.0
0.0
0.0
0.0
0.0
0.0
0.0
0.0
0.0
0.0
0.0
0.0
0.0
107.0
111.0
111.0
113.0
116.0
196.0
203.0
204.0
208.0
214.0
281.0
292.0
293.0
297.0
306.0
357.0
370.0
371.0
378.0
389.0
0.0
0.0
0.0
0.0
0.0
0.0
0.0
0.0
0.0
0.0
0.0
0.0
0.0
0.0
0.0
0.0
0.0
0.0
0.0
0.0
73.01081081081082
47.66586345381524
28.72310536044361
7.72991452991451
0.0
162.01081081081082
139.66586345381523
121.72310536044361
102.72991452991451
76.86666666666667
247.01081081081082
228.66586345381523
210.7231053604436
191.7299145299145
168.86666666666667
323.0108108108108
306.66586345381523
288.7231053604436
272.7299145299145
251.86666666666667
