0.0
0.0
0.0
0.0
0.0
0.0
0.0
0.0
0.0
0.0
0.0
0.0
0.0
0.0
0.0
0.0
0.0
0.0
0.0
0.0
0.0
0.0
0.0
0.0
0.0
0.0
0.0
0.0
0.0
0.0
0.0
0.0
0.0
0.0
0.0
0.0
0.0
0.0
0.0
0.0
0.0
0.0
0.0
0.0
0.0
0.0
0.0
0.0
0.0
0.0
0.0
0.0
0.0
0.0
0.0
0.0
0.0
0.0
0.0
0.0
0.0
0.0
0.0
0.0
0.0
0.0
0.0
0.0
0.0
0.0
0.0
0.0
0.0
0.0
0.0
0.0
0.0
0.0
0.0
0.0
0.0
0.0
0.0
0.0
0.0
0.0
0.0
0.0
0.0
0.0
0.0
0.0
0.0
0.0
0.0
0.0
0.0
0.0
0.0
0.0
0.0
0.0
0.0
0.0
0.0
0.0
0.0
0.0
0.0
0.0
0.0
0.0
0.0
0.0
0.0
0.0
0.0
0.0
0.0
0.0
0.0
0.0
0.0
0.0
0.0
0.0
0.0
0.0
0.0
0.0
0.0
0.0
0.0
1428.0
1356.0
1356.0
1356.0
0.0
1284.0
1284.0
1452.0
1392.0
1392.0
1392.0
0.0
1332.0
1332.0
1476.0
1428.0
1428.0
1428.0
0.0
1332.0
1332.0
1512.0
1452.0
1452.0
1452.0
0.0
1356.0
1356.0
1536.0
1476.0
1476.0
1476.0
0.0
1392.0
1392.0
1572.0
1512.0
1512.0
1512.0
0.0
1428.0
1428.0
1632.0
1536.0
1536.0
1536.0
0.0
1452.0
1452.0
1680.0
1572.0
1572.0
1572.0
0.0
1476.0
1476.0
1716.0
1632.0
1632.0
1632.0
0.0
1512.0
1512.0
1800.0
1680.0
1680.0
1680.0
0.0
1536.0
1536.0
1836.0
1716.0
1716.0
1716.0
0.0
1572.0
1572.0
1884.0
1800.0
1800.0
1800.0
0.0
1632.0
1632.0
1992.0
1836.0
1836.0
1836.0
0.0
1680.0
1680.0
2328.0
1884.0
1884.0
1884.0
0.0
1716.0
1716.0
2400.0
1992.0
1992.0
1992.0
0.0
1800.0
1800.0
2400.0
2328.0
2328.0
2328.0
0.0
1836.0
1836.0
2400.0
2400.0
2400.0
2400.0
0.0
1884.0
1884.0
2376.0
2400.0
2400.0
2400.0
0.0
1992.0
1992.0
2280.0
2400.0
2400.0
2400.0
0.0
2328.0
2328.0
9072.824156305505
6408.137317228226
5259.338313767344
8083.8971583220555
0.0
3709.4594594594596
3325.141776937618
11427.077888133821
7594.672843080487
8175.79250720461
11494.90043710539
0.0
5176.706827309237
4742.574257425743
13429.795335554498
8629.339305711086
10565.644881434357
13656.75057208238
0.0
6123.844731977819
6478.461538461538
15861.940298507461
9668.750000000002
12259.507829977629
15153.707052441232
0.0
7273.504273504274
7828.571428571429
18040.425888131955
10469.989827060019
14912.661113811133
17940.1337593214
0.0
8866.666666666666
8831.506849315068
20277.43247553461
11613.512511590892
17251.69720609719
20277.261741054856
0.0
9953.399949966326
10470.869364912456
22514.439062937265
12633.290729249202
19590.73329838325
22614.389722788314
0.0
11194.521136027271
11880.742096502514
24751.445650339916
13653.068946907511
21929.76939066931
24951.517704521768
0.0
12435.642322088217
13290.614828092574
26988.45223774257
14672.847164565821
24268.80548295537
27288.645686255222
0.0
13676.763508149163
14700.487559682633
29225.458825145222
15692.62538222413
26607.84157524143
29625.773667988677
0.0
14917.884694210108
16110.360291272691
31462.465412547877
16712.40359988244
28946.877667527486
31962.901649722135
0.0
16159.005880271052
17520.23302286275
33699.47199995053
17732.18181754075
31285.913759813546
34300.02963145559
0.0
17400.127066331996
18930.105754452812
35936.47858735318
18751.96003519906
33624.949852099606
36637.15761318905
0.0
18641.248252392943
20339.97848604287
38173.48517475584
19771.73825285737
35963.98594438566
38974.285594922505
0.0
19882.369438453887
21749.851217632928
40410.49176215849
20791.51647051568
38303.022036671726
41311.41357665595
0.0
21123.490624514834
23159.72394922299
42647.498349561145
21811.294688173988
40642.05812895778
43648.54155838941
0.0
22364.611810575778
24569.596680813047
44884.5049369638
22831.072905832298
42981.09422124384
45985.669540122864
0.0
23605.73299663672
25979.469412403105
47121.511524366455
23850.851123490607
45320.1303135299
48322.79752185632
0.0
24846.85418269767
27389.342143993166
49358.5181117691
24870.629341148917
47659.16640581596
50659.92550358978
0.0
26087.975368758613
28799.214875583224
9072.824156305505
6408.137317228226
5393.2971184631815
8083.8971583220555
0.0
4143.389189189189
3851.3077504725898
11427.077888133821
7594.672843080487
8175.79250720461
11494.90043710539
0.0
5306.49718875502
4976.556435643564
13429.795335554498
8629.339305711086
10565.644881434357
13656.75057208238
0.0
6123.844731977819
6478.461538461538
15861.940298507461
9668.750000000002
12259.507829977629
15153.707052441232
0.0
7273.504273504274
7828.571428571429
18040.425888131955
10469.989827060019
14912.661113811133
17940.1337593214
0.0
8866.666666666666
8831.506849315068
20277.43247553461
11613.512511590892
17251.69720609719
20277.261741054856
0.0
9953.399949966326
10470.869364912456
22514.439062937265
12633.290729249202
19590.73329838325
22614.389722788314
0.0
11194.521136027271
11880.742096502514
24751.445650339916
13653.068946907511
21929.76939066931
24951.517704521768
0.0
12435.642322088217
13290.614828092574
26988.45223774257
14672.847164565821
24268.80548295537
27288.645686255222
0.0
13676.763508149163
14700.487559682633
29225.458825145222
15692.62538222413
26607.84157524143
29625.773667988677
0.0
14917.884694210108
16110.360291272691
31462.465412547877
16712.40359988244
28946.877667527486
31962.901649722135
0.0
16159.005880271052
17520.23302286275
33699.47199995053
17732.18181754075
31285.913759813546
34300.02963145559
0.0
17400.127066331996
18930.105754452812
35936.47858735318
18751.96003519906
33624.949852099606
36637.15761318905
0.0
18641.248252392943
20339.97848604287
38173.48517475584
19771.73825285737
35963.98594438566
38974.285594922505
0.0
19882.369438453887
21749.851217632928
40410.49176215849
20791.51647051568
38303.022036671726
41311.41357665595
0.0
21123.490624514834
23159.72394922299
42647.498349561145
21811.294688173988
40642.05812895778
43648.54155838941
0.0
22364.611810575778
24569.596680813047
44884.5049369638
22831.072905832298
42981.09422124384
45985.669540122864
0.0
23605.73299663672
25979.469412403105
47121.511524366455
23850.851123490607
45320.1303135299
48322.79752185632
0.0
24846.85418269767
27389.342143993166
49358.5181117691
24870.629341148917
47659.16640581596
50659.92550358978
0.0
26087.975368758613
28799.214875583224
