189.31708681059655
787.1693071070296
23.473838152305532
257.74465612235423
30.644501813656266
168.27639338790854
29.902117752319594
102.18161982140165
3.3458788126006778
-80.48013160241331
-33.35930378536666
-52.230970433362586
-43.881654346986764
-52.869600312462886
-36.231367821905536
-29.662084109831998
46.37605931944096
115.09002954736881
3.374421241323803
25.484557389313288
3.998573853096218
23.435033563797813
5.865296185327512
24.534401470249218
22.739259432097302
5.941548740326007
3.254671694896077
-2.224970234057213
21.869935070148287
72.42774135681434
11.72454086404374
29.92994307222585
19.41161420269642
19.958616346589036
13.933919812299063
16.931783534047952
0.9792585118530851
5.0
56.528585151411406
