0.7223477658828079
14.856741535202218
2.4306088128770704
5.987671727998386
6.535412529271253
18.197610050346068
0.0
0.0
1.540033424472021
4.87343022331313
2.0527234474835883
2.1117163252426243
3.5365269620827187
2.5006610898681347
0.29871605853642924
1.3242819867366915
-0.4529787034795865
5.548313042825414
-0.3074477914428017
0.18884545345370873
0.6556448562199885
4.298590377709344
0.03453149306949786
0.07438682833129834
2.9688691494021255
4.549585030066185
3.445914083181947
3.6219629888508007
4.23114367899891
5.959571767304278
2.815429182273414
2.4066993967663386
