23.75716954487554
7.799595325920515
-0.5529737505697596
8.198029059694704
6.698723892987289
6.218156535277537
0.23376959772665235
-1.2999334013044934
7.311416461695551
4.634129807017833
5.714364977619298
3.920307890035172
3.7596096071972696
3.9109166866818224
4.43781000216749
5.065198456653319
6.5877189522896575
9.11405795617448
4.351216215354615
1.018606599735767
-3.98677451939966
0.9025726327647455
1.46038897886873
1.1039496548160606
1.7398182014107344
5.083449585631983
3.5950756186200503
-1.9608635353366852
6.512893025806225
0.010684827550522722
-1.44876146944294
-0.8058828282009947
0.007216952122270359
-1.902501723583674
-3.9004085698360225
14.037045503984292
9.591077143287915
15.504140038891746
14.357697729753783
15.873424449013502
12.82386936705031
15.153049727224714
12.983332656710763
4.517458888820636
-0.7107271753795088
0.7853687707927979
